20
274467416870917042 7270184 3005711 7759177 8197657 803826746 672879876 877174079 68314903
1708396388 999999 12347 9699690 9748872 727477719 669281518 799407527 906645153
907005781191085944 1 5 9999949 9999991 839995717 809995867 459999587 579999478
859373750084 8 7 17 19 1 16 6 2
982749972374309079 999999 12347 9699690 9748872 698378649 601383688 389954903 155982009
54341206 9999909 9999991 9999949 9999991 689996482 829995765 749999326 389999649
930033404565174954 102400 15000 9699690 9748872 620781129 950572528 311963986 692169969
763526783810179646 741864 167766 7315499 3851100 922855524 89780690 441276473 271986168
6042199 9 123456 18 10000000 39655126 836306508 640000324 90000765
13 5 7 5 9 1 3 2 5
967137226678506093 9999987 1 10000000 999999 90000001 639999998 26999974 440999568
11 2 3 5 7 11 13 17 19
94563103 1 5 9999949 9999991 419997859 389998009 149999866 279999748
1783585506 9999987 1 10000000 999999 990000001 79999998 868999132 81999927
1585081851 759324 967048 10000000 9999999 610000001 740000000 289999972 979999902
789870595193472657 5360341 675784 8600975 754947 876155896 890899377 754304700 203276021
47024811 9999991 1 9999991 9999989 729999344 309999719 789999132 309999659
70413132 123 1 10000000 10000000 20000001 190000000 90000001 360000002
1511881142 123 1 10000000 10000000 1 850000000 360000001 470000002
1175334 9999987 1 10000000 999999 430000001 979999998 673999327 450999558
