20
113 51304587103122063086234867477045723173180547403247145600300063966119431864569659559335776509576195196593245332640561449734900616851975700264874390248030968166
171 0087894675463649
40 9188174
12
12
116 972759570129420701017343026504780735238724865028026190998930433648895154524191409145141283939575313912329760551461452376912991044578
205 52266698626452
2
101
92 87425153970967993390831896675153851510854781083794529288118964576857047283178102891855976962574675710971584027
167 7097501306639266460334251854124701398441264526401775944932032561851537066954595173614023494661949988333225311
190 1486139411639384409848749958784650368455059410476755670372360119439112197939878529158062954308851
203 687737220877470653784446097316072785470
224 2487323315219036305119522514586914514992258092515923847091331536327563425076754497614583159414480884501649219370710323252847898226085122496517560821297108819714616754255018516844563766341
204 335498212
190 9529102074196543040963325
119 63155576629807163707985640922769106772917396795739548570858093440561312802733843811003
111 2636907296373399885646047517304031318176238406483770114869777782538642745151012568233889125626174631927487710326357830166987670817345199561837513121049890870755907
70 8675309
144 403420455286144733012394352796117676232438993658729712221550931250841303194844906324788136156913626810108948602023083594977223986502041169240216642530162552975968233385427485675131472718018964836808453936722129133940950121976774689537233792725857619706585846714131638551181612253217
140 14081739843975501051165157925935539505458771396682117602623690411292162645875639965745417670827042186680858848536653039548367352690174908952912337675176219645613802479750293944671739084427422387764770357943062
65 1876770264484195462373867075504289953849589913192143959493706119994453644071550093082492880383797477491586448128262806265749453109591037917448951185219315245647751499988944695031480940961675592872609377955465767010356210472779712879459920877915616417323912577285316301998836348539369087459603916941305730245213
